0 0
0.0596903 0.107711
0.119381 0.207012
0.179071 0.297289
0.238761 0.378056
0.298451 0.448949
0.358142 0.509728
0.417832 0.560269
0.477522 0.600559
0.537212 0.630695
0.596903 0.650872
0.656593 0.66138
0.716283 0.662597
0.775973 0.654979
0.835664 0.639055
0.895354 0.615416
0.955044 0.584711
1.01473 0.547634
1.07442 0.504918
1.13411 0.457324
1.19381 0.405639
1.2535 0.35066
1.31319 0.293189
1.37288 0.234027
1.43257 0.173964
1.49226 0.113771
1.55195 0.0541968
1.61164 -0.00404218
1.67133 -0.0602665
1.73102 -0.113839
1.79071 -0.164171
1.8504 -0.210725
1.91009 -0.25302
1.96978 -0.290635
2.02947 -0.323211
2.08916 -0.350454
2.14885 -0.372135
2.20854 -0.388094
2.26823 -0.398237
2.32792 -0.402538
2.38761 -0.401037
2.4473 -0.39384
2.50699 -0.381116
2.56668 -0.363094
2.62637 -0.340063
2.68606 -0.312363
2.74575 -0.280387
2.80544 -0.244575
2.86513 -0.205406
2.92482 -0.163398
2.98451 -0.119097
3.0442 -0.0730787
3.10389 -0.0259346
3.16358 0.0217277
3.22327 0.0692937
3.28296 0.116148
3.34265 0.161678
3.40234 0.205286
3.46204 0.246387
3.52173 0.284423
3.58142 0.318864
3.64111 0.349214
3.7008 0.375018
3.76049 0.395867
3.82018 0.411402
3.87987 0.421319
3.93956 0.425371
3.99925 0.423377
4.05894 0.415219
4.11863 0.400847
4.17832 0.380281
4.23801 0.353613
4.2977 0.321008
4.35739 0.282702
4.41708 0.239004
4.47677 0.190294
4.53646 0.13702
4.59615 0.0796998
4.65584 0.0189119
4.71553 -0.0447032
4.77522 -0.110449
4.83491 -0.17758
4.8946 -0.245302
4.95429 -0.312785
5.01398 -0.379164
5.07367 -0.443551
5.13336 -0.505037
5.19305 -0.562707
5.25274 -0.615644
5.31243 -0.662939
5.37212 -0.703701
5.43181 -0.737066
5.4915 -0.762205
5.55119 -0.778337
5.61088 -0.784739
5.67057 -0.780751
5.73027 -0.765791
5.78996 -0.739362
5.84965 -0.701065
5.90934 -0.6506
5.96903 -0.587785
