****
*
* 11
****

Solving ODY y''(x) + y(x) = 0
*****************************

Problem 2: Boundary value problem using Shooting solver
*******************************************************

(a) N = 100
***********

Using bisection method to find root k of g(k) = y(b;k) - 1, b = 1

round	k	g(k)
0	0.5	-0.0389622
1	0.75	0.171406
2	0.625	0.0662217
3	0.5625	0.0136297
4	0.53125	-0.0126662
5	0.546875	0.000481751
6	0.539062	-0.00609224
7	0.542969	-0.00280525
8	0.544922	-0.00116175
9	0.545898	-0.000339998
10	0.546387	7.08762e-05
11	0.546143	-0.000134561
12	0.546265	-3.18424e-05
13	0.546326	1.95169e-05
14	0.546295	-6.16274e-06
15	0.54631	6.67708e-06
16	0.546303	2.5717e-07
17	0.546299	-2.95279e-06
18	0.546301	-1.34781e-06
19	0.546302	-5.45319e-07
20	0.546302	-1.44075e-07
21	0.546303	5.65477e-08
22	0.546302	-4.37634e-08
23	0.546302	6.39216e-09
24	0.546302	-1.86856e-08
25	0.546302	-6.14673e-09
26	0.546302	1.22717e-10

Found initial slope y'(0) = 0.546302
Last round of RK4

0.000000 1.000000
0.010000 1.005413
0.020000 1.010725
0.030000 1.015937
0.040000 1.021046
0.050000 1.026054
0.060000 1.030959
0.070000 1.035761
0.080000 1.040459
0.090000 1.045054
0.100000 1.049543
0.110000 1.053928
0.120000 1.058208
0.130000 1.062381
0.140000 1.066449
0.150000 1.070410
0.160000 1.074263
0.170000 1.078010
0.180000 1.081648
0.190000 1.085178
0.200000 1.088600
0.210000 1.091913
0.220000 1.095117
0.230000 1.098211
0.240000 1.101196
0.250000 1.104070
0.260000 1.106834
0.270000 1.109487
0.280000 1.112029
0.290000 1.114460
0.300000 1.116780
0.310000 1.118988
0.320000 1.121084
0.330000 1.123068
0.340000 1.124939
0.350000 1.126699
0.360000 1.128345
0.370000 1.129879
0.380000 1.131299
0.390000 1.132607
0.400000 1.133801
0.410000 1.134882
0.420000 1.135849
0.430000 1.136703
0.440000 1.137443
0.450000 1.138070
0.460000 1.138582
0.470000 1.138981
0.480000 1.139266
0.490000 1.139437
0.500000 1.139494
0.510000 1.139437
0.520000 1.139266
0.530000 1.138981
0.540000 1.138582
0.550000 1.138070
0.560000 1.137443
0.570000 1.136703
0.580000 1.135849
0.590000 1.134882
0.600000 1.133801
0.610000 1.132607
0.620000 1.131299
0.630000 1.129879
0.640000 1.128345
0.650000 1.126699
0.660000 1.124939
0.670000 1.123068
0.680000 1.121084
0.690000 1.118988
0.700000 1.116780
0.710000 1.114460
0.720000 1.112029
0.730000 1.109487
0.740000 1.106834
0.750000 1.104070
0.760000 1.101196
0.770000 1.098211
0.780000 1.095117
0.790000 1.091913
0.800000 1.088600
0.810000 1.085178
0.820000 1.081648
0.830000 1.078010
0.840000 1.074263
0.850000 1.070410
0.860000 1.066449
0.870000 1.062381
0.880000 1.058208
0.890000 1.053928
0.900000 1.049543
0.910000 1.045054
0.920000 1.040459
0.930000 1.035761
0.940000 1.030959
0.950000 1.026054
0.960000 1.021046
0.970000 1.015937
0.980000 1.010725
0.990000 1.005413
1.000000 1.000000
