****
*
* 11
****

Solving ODY y''(x) + y(x) = 0
*****************************

Problem 1: Initial value problem using Runge-Kutta RK4
******************************************************

(b) N = 100
***********

X        y(x)

0.000000 1.000000
0.100000 0.995004
0.200000 0.980067
0.300000 0.955337
0.400000 0.921061
0.500000 0.877583
0.600000 0.825336
0.700000 0.764843
0.800000 0.696707
0.900000 0.621611
1.000000 0.540303
1.100000 0.453597
1.200000 0.362359
1.300000 0.267500
1.400000 0.169968
1.500000 0.070738
1.600000 -0.029198
1.700000 -0.128843
1.800000 -0.227201
1.900000 -0.323288
2.000000 -0.416145
2.100000 -0.504845
2.200000 -0.588500
2.300000 -0.666274
2.400000 -0.737392
2.500000 -0.801142
2.600000 -0.856887
2.700000 -0.904071
2.800000 -0.942221
2.900000 -0.970957
3.000000 -0.989992
3.100000 -0.999135
3.200000 -0.998295
3.300000 -0.987480
3.400000 -0.966799
3.500000 -0.936457
3.600000 -0.896760
3.700000 -0.848101
3.800000 -0.790969
3.900000 -0.725934
4.000000 -0.653646
4.100000 -0.574827
4.200000 -0.490264
4.300000 -0.400802
4.400000 -0.307336
4.500000 -0.210799
4.600000 -0.112156
4.700000 -0.012393
4.800000 0.087495
4.900000 0.186508
5.000000 0.283658
5.100000 0.377974
5.200000 0.468513
5.300000 0.554370
5.400000 0.634689
5.500000 0.708666
5.600000 0.775563
5.700000 0.834710
5.800000 0.885517
5.900000 0.927476
6.000000 0.960168
6.100000 0.983267
6.200000 0.996541
6.300000 0.999858
6.400000 0.993185
6.500000 0.976588
6.600000 0.950234
6.700000 0.914385
6.800000 0.869400
6.900000 0.815728
7.000000 0.753906
7.100000 0.684551
7.200000 0.608356
7.300000 0.526082
7.400000 0.438553
7.500000 0.346641
7.600000 0.251266
7.700000 0.153380
7.800000 0.053962
7.900000 -0.045996
8.000000 -0.145493
8.100000 -0.243537
8.200000 -0.339148
8.300000 -0.431370
8.400000 -0.519282
8.500000 -0.602006
8.600000 -0.678714
8.700000 -0.748641
8.800000 -0.811088
8.900000 -0.865431
9.000000 -0.911127
9.100000 -0.947719
9.200000 -0.974841
9.300000 -0.992224
9.400000 -0.999692
9.500000 -0.997172
9.600000 -0.984689
9.700000 -0.962366
9.800000 -0.930429
9.900000 -0.889194
10.000000 -0.839075
