****
*
* 11
****

Solving ODY y''(x) + y(x) = 0
*****************************

Problem 2: Boundary value problem using Shooting solver
*******************************************************

(b) N = 30
**********

Using bisection method to find root k of g(k) = y(b;k) - 1, b = 1

round	k	g(k)
0	0.5	-0.0389622
1	0.75	0.171406
2	0.625	0.0662217
3	0.5625	0.0136297
4	0.53125	-0.0126662
5	0.546875	0.000481756
6	0.539062	-0.00609224
7	0.542969	-0.00280524
8	0.544922	-0.00116174
9	0.545898	-0.000339993
10	0.546387	7.08815e-05
11	0.546143	-0.000134556
12	0.546265	-3.18371e-05
13	0.546326	1.95222e-05
14	0.546295	-6.15746e-06
15	0.54631	6.68237e-06
16	0.546303	2.62458e-07
17	0.546299	-2.9475e-06
18	0.546301	-1.34252e-06
19	0.546302	-5.40032e-07
20	0.546302	-1.38787e-07
21	0.546303	6.18353e-08
22	0.546302	-3.84758e-08
23	0.546302	1.16798e-08
24	0.546302	-1.3398e-08
25	0.546302	-8.59134e-10

Found initial slope y'(0) = 0.546302
Last round of RK4

0.000000 1.000000
0.033333 1.017651
0.066667 1.034172
0.100000 1.049543
0.133333 1.063749
0.166667 1.076773
0.200000 1.088600
0.233333 1.099218
0.266667 1.108615
0.300000 1.116780
0.333333 1.123704
0.366667 1.129380
0.400000 1.133801
0.433333 1.136963
0.466667 1.138861
0.500000 1.139494
0.533333 1.138861
0.566667 1.136963
0.600000 1.133801
0.633333 1.129380
0.666667 1.123704
0.700000 1.116780
0.733333 1.108615
0.766667 1.099218
0.800000 1.088600
0.833333 1.076773
0.866667 1.063749
0.900000 1.049543
0.933333 1.034172
0.966667 1.017651
1.000000 1.000000
