  0.0000000E+00           0
   6.481529               0
   12.96306               7
   19.44459               9
   25.92612              16
   32.40765              23
   38.88918              30
   45.37071              50
   51.85223              54
   58.33376              57
   64.81529              87
   71.29682             115
   77.77835             125
   84.25988             137
   90.74142             171
   97.22294             168
   103.7045             185
   110.1860             266
   116.6675             273
   123.1491             316
   129.6306             332
   136.1121             376
   142.5936             409
   149.0752             418
   155.5567             469
   162.0382             531
   168.5198             557
   175.0013             635
   181.4828             631
   187.9644             707
   194.4459             714
   200.9274             786
   207.4089             840
   213.8905             856
   220.3720             940
   226.8535             942
   233.3351            1008
   239.8166            1067
   246.2981            1115
   252.7796            1189
   259.2612            1264
   265.7427            1259
   272.2242            1201
   278.7057            1424
   285.1873            1455
   291.6688            1501
   298.1504            1524
   304.6319            1548
   311.1134            1615
   317.5949            1688
   324.0765            1793
   330.5580            1776
   337.0395            1799
   343.5211            1904
   350.0026            2000
   356.4841            2011
   362.9657            2068
   369.4471            2182
   375.9287            2036
   382.4102            2223
   388.8918            2231
   395.3733            2338
   401.8548            2339
   408.3364            2505
   414.8179            2466
   421.2994            2570
   427.7809            2591
   434.2625            2536
   440.7440            2692
   447.2256            2722
   453.7071            2812
   460.1886            2774
   466.6701            2871
   473.1516            2789
   479.6332            2932
   486.1147            2828
   492.5962            3004
   499.0778            2959
   505.5593            3070
   512.0408            3148
   518.5223            3033
   525.0039            3198
   531.4854            3187
   537.9670            3219
   544.4485            3203
   550.9300            3357
   557.4115            3441
   563.8931            3409
   570.3746            3513
   576.8561            3462
   583.3376            3507
   589.8192            3504
   596.3007            3463
   602.7823            3519
   609.2637            3552
   615.7453            3437
   622.2268            3581
   628.7084            3520
   635.1899            3558
   641.6714            3498
   648.1530            3548
   654.6345            3632
   661.1160            3446
   667.5975            3494
   674.0790            3471
   680.5606            3536
   687.0421            3445
   693.5237            3571
   700.0052            3535
   706.4867            3595
   712.9683            3498
   719.4498            3473
   725.9313            3576
   732.4128            3338
   738.8943            3374
   745.3759            3467
   751.8574            3525
   758.3389            3458
   764.8205            3344
   771.3020            3441
   777.7835            3470
   784.2650            3406
   790.7466            3214
   797.2281            3290
   803.7096            3242
   810.1912            3227
   816.6727            3329
   823.1543            3130
   829.6357            3203
   836.1172            3077
   842.5989            3017
   849.0804            3034
   855.5619            3024
   862.0434            3003
   868.5249            3014
   875.0065            2982
   881.4880            2928
   887.9695            2865
   894.4511            2853
   900.9326            2821
   907.4141            2784
   913.8956            2760
   920.3771            2641
   926.8588            2671
   933.3402            2670
   939.8218            2548
   946.3033            2540
   952.7849            2436
   959.2664            2410
   965.7479            2416
   972.2295            2433
   978.7110            2210
   985.1924            2221
   991.6740            2301
   998.1555            2253
   1004.637            2210
   1011.119            2147
   1017.600            2189
   1024.082            2173
   1030.563            2078
   1037.045            2151
   1043.526            2088
   1050.008            1957
   1056.489            2002
   1062.971            1811
   1069.452            1887
   1075.934            1813
   1082.415            1785
   1088.897            1664
   1095.379            1770
   1101.860            1693
   1108.342            1551
   1114.823            1638
   1121.305            1535
   1127.786            1553
   1134.268            1479
   1140.749            1398
   1147.231            1442
   1153.712            1450
   1160.194            1398
   1166.675            1350
   1173.157            1303
   1179.638            1319
   1186.120            1230
   1192.601            1233
   1199.083            1211
   1205.565            1195
   1212.046            1128
   1218.527            1154
   1225.009            1141
   1231.491            1086
   1237.972            1037
   1244.454             981
   1250.935            1008
   1257.417             981
   1263.898             938
   1270.380             893
   1276.861             864
   1283.343             829
   1289.824             861
   1296.306             814
   1302.787             804
   1309.269             722
   1315.750             769
   1322.232             704
   1328.714             711
   1335.195             623
   1341.677             604
   1348.158             625
   1354.640             592
   1361.121             559
   1367.603             552
   1374.084             564
   1380.566             524
   1387.047             546
   1393.529             529
   1400.010             523
   1406.492             473
   1412.973             439
   1419.455             432
   1425.937             447
   1432.418             394
   1438.900             385
   1445.381             407
   1451.863             319
   1458.344             351
   1464.826             348
   1471.307             302
   1477.789             326
   1484.270             261
   1490.752             306
   1497.233             281
   1503.715             262
   1510.197             281
   1516.678             238
   1523.160             276
   1529.641             237
   1536.122             247
   1542.604             215
   1549.086             225
   1555.567             198
   1562.049             205
   1568.530             185
   1575.012             179
   1581.493             169
   1587.975             204
   1594.456             164
   1600.938             154
   1607.419             126
   1613.901             141
   1620.382             136
   1626.864             134
   1633.345             136
   1639.827             116
   1646.309             128
   1652.790             128
   1659.271             113
   1665.753             110
   1672.234             102
   1678.716             103
   1685.198             100
   1691.679              95
   1698.161              84
   1704.642              67
   1711.124              88
   1717.605              68
   1724.087              74
   1730.568              50
   1737.050              66
   1743.531              66
   1750.013              63
   1756.495              76
   1762.976              56
   1769.458              49
   1775.939              59
   1782.421              54
   1788.902              50
   1795.384              54
   1801.865              45
   1808.347              42
   1814.828              31
   1821.310              38
   1827.791              33
   1834.273              32
   1840.754              33
   1847.236              22
   1853.718              37
   1860.199              31
   1866.680              27
   1873.162              23
   1879.644              28
   1886.125              22
   1892.607              20
   1899.088              14
   1905.570              11
   1912.051              14
   1918.533              25
   1925.014              16
   1931.496              18
   1937.977              18
   1944.459              22
   1950.940              12
   1957.422              12
   1963.903              15
   1970.385              10
   1976.867              10
   1983.348              11
   1989.829               8
   1996.311               9
   2002.792              14
   2009.274               3
   2015.756               7
   2022.237               4
   2028.719               9
   2035.200               2
   2041.682               7
   2048.163               3
   2054.645               7
   2061.126               7
   2067.608               5
   2074.089               0
   2080.571               8
   2087.052               0
   2093.534               6
   2100.016               7
   2106.497               2
   2112.979               2
   2119.460               1
   2125.942               0
   2132.423               1
   2138.905               1
   2145.386               3
   2151.868               2
   2158.349               3
   2164.831               1
   2171.312               1
   2177.794               2
   2184.276               0
   2190.757               6
   2197.238               3
   2203.720               3
   2210.202               1
   2216.683               2
   2223.165               6
   2229.646               2
   2236.128               2
   2242.609               2
   2249.091               4
   2255.572               1
   2262.054               4
   2268.535               2
