****
*
* 04
****

Problem 1. Root finding with bisect and Newton methods
******************************************************

(A)
***

testing bisect_f algorithm
**************************

vuola@nuc:~/matres/UH_NumericalMethods/build/exercise04$ ./bisect_f 2.0 5.0
round   x       f(x)
0       3.5     -0.478148
1       2.75    -0.499748
2       2.375   1.37577
3       2.5625  0.286297
4       2.65625 -0.279775
5       2.60938 -0.0245014
6       2.58594 0.126257
7       2.59766 0.0494217
8       2.60352 0.0120597
9       2.60645 -0.00632547
10      2.60498 0.00284154
11      2.60571 -0.00174844
12      2.60535 0.000544941
13      2.60553 -0.000602151
14      2.60544 -2.8706e-05
15      2.60539 0.000258092
16      2.60542 0.000114687
17      2.60543 4.29888e-05
18      2.60543 7.14102e-06
19      2.60544 -1.07826e-05
20      2.60543 -1.82081e-06
21      2.60543 2.6601e-06
22      2.60543 4.19645e-07
23      2.60543 -7.00581e-07
24      2.60543 -1.40468e-07
25      2.60543 1.39589e-07
26      2.60543 -4.39708e-10
Final root: 2.60543


(B)
***

testing newton_f algorithm
**************************


vuola@nuc:~/matres/UH_NumericalMethods/build/exercise04$ ./newton_f 3
round   x               f(x)
0       3       0.882683
1       2.87986 -0.0248753
2       2.88361 0.000230226
3       2.88358 1.84505e-08
4       2.88358 -3.55271e-15
Final root: 2.88358